0
1
2
3
4
5
6
7
8
9
10
11
0
0
12
1
13
14
15
16
17
18
6
19
20
21
0
0
12
12
22
13
23
24
3
25
26
27
0
1
1
22
13
14
28
29
30
31
32
33
34
35
36
0
0
12
12
22
37
23
38
39
40
41
42
43
44
45
46
47
48
49
50
0
0
12
12
22
13
23
24
3
28
51
52
53
54
55
0
0
12
12
22
13
23
56
57
58
59
60
61
62
63
0
0
12
1
13
14
15
16
17
18
6
19
20
64
65
66
67
0
0
12
1
22
14
68
69
69
69
70
71
72
73
18
57
33
74
75
76
77
0
0
12
1
22
14
78
79
80
81
82
83
84
0
0
12
1
22
2
72
85
86
29
87
88
89
90
0
0
12
1
13
14
15
16
5
91
92
93
94
95
96
97
0
1
2
98
99
47
100
101
97
102
0
0
12
12
22
13
23
56
57
58
103
104
105
106
107
0
1
1
22
13
14
28
29
30
31
32
33
34
108
109
110
111
112
113
0
0
12
1
13
23
98
114
115
45
116
117
118
0
0
12
1
22
14
68
69
69
69
70
71
85
16
119
120
0
0
12
12
22
37
23
68
17
121
122
123
124
59
125
126
127
128
0
0
12
1
22
2
24
99
39
5
115
44
129
130
131
132
133
134
0
0
12
1
22
2
24
99
39
57
135
136
137
138
139
140
141
0
1
2
98
99
41
142
143
144
145
146
147
148
149
0
0
12
1
13
23
3
73
121
42
150
151
152
153
154
0
0
12
1
22
2
24
99
155
20
156
157
158
159
160
161
0
0
12
1
13
14
15
16
5
162
163
164
165
166
167
168
169
0
1
2
3
4
5
170
171
172
173
174
175
176
0
0
12
12
22
13
98
99
177
178
179
180
181
182
183
184
185
186
50
0
1
2
3
4
5
6
7
8
9
10
11
0
0
12
12
22
37
23
68
17
121
123
187
188
189
190
191
0
0
12
12
22
37
135
192
123
193
194
195
0
0
12
1
13
14
15
16
5
162
163
164
165
166
167
196
197
198
199
200
201
202
0
0
12
1
22
14
68
69
69
203
204
205
206
207
208
0
0
12
1
22
2
72
85
16
177
193
137
209
210
211
212
0
0
12
1
22
14
78
180
213
214
0
1
2
98
70
28
215
216
0
0
12
1
22
14
68
69
69
69
70
71
85
16
119
4
43
217
218
7
219
220
221
222
223
224
0
1
2
98
99
41
142
225
226
227
228
229
0
0
12
12
22
37
23
38
39
40
41
193
230
231
232
0
0
12
1
22
14
68
69
69
69
70
71
85
16
119
4
43
217
218
7
219
78
233
234
235
236
0
0
12
1
22
14
68
69
162
178
237
238
80
239
240
241
242
243
0
0
12
1
22
14
68
69
69
69
70
71
85
244
215
245
246
247
248
249
250
133
0
0
12
12
22
37
23
68
17
121
122
251
233
252
253
0
0
12
12
22
13
23
24
3
25
26
254
255
256
0
0
12
1
22
14
68
69
69
69
70
71
85
16
119
120
257
258
259
260
261
0
0
12
12
22
37
23
68
17
121
122
123
262
263
264
265
266
267
268
0
0
12
12
22
13
23
56
57
58
103
104
105
269
0
0
12
1
13
14
15
70
85
114
231
116
270
271
0
0
12
12
22
13
23
56
57
272
273
274
133
275
0
1
2
98
99
41
142
143
144
19
276
74
277
0
1
2
98
70
28
215
216
278
279
280
281
0
0
12
1
22
2
24
99
39
5
30
251
282
283
0
0
12
1
22
2
24
99
39
57
135
136
284
285
286
287
0
1
2
3
4
135
288
92
143
284
289
290
291
292
293
0
0
12
12
22
37
23
38
39
40
41
42
43
294
295
52
48
296
297
298
0
0
12
1
13
23
3
73
121
42
299
238
300
271
301
302
303
0
0
12
1
22
14
68
38
0
0
12
12
22
13
98
26
304
305
306
307
0
0
12
1
22
14
68
69
69
69
70
71
85
16
119
4
51
138
174
308
0
0
12
1
13
14
15
16
17
18
6
299
309
310
311
312
313
0
0
12
1
22
2
72
85
86
29
87
88
314
315
316
0
0
12
12
22
13
98
99
177
218
317
25
318
319
209
320
0
0
12
1
13
14
15
16
17
18
321
322
323
324
325
326
327
328
0
0
12
12
22
37
23
68
329
330
331
332
254
333
334
302
335
0
0
12
1
22
2
24
99
39
5
115
44
129
130
131
132
133
134
0
0
12
1
22
2
24
99
155
20
156
248
336
337
338
339
340
0
1
1
22
13
14
28
122
237
341
342
343
344
345
95
0
1
2
98
70
28
215
216
278
346
347
291
184
254
348
349
350
351
0
0
12
12
22
37
23
38
91
142
321
352
353
354
355
356
0
0
12
1
22
2
24
99
39
57
135
136
284
357
358
359
183
360
361
362
363
364
0
0
12
1
13
23
3
73
121
129
266
365
366
367
368
0
0
12
1
13
14
15
16
5
162
163
164
369
370
371
372
373
0
0
12
12
22
13
23
24
3
28
51
374
0
0
12
1
13
14
15
16
5
91
92
93
94
95
0
0
12
1
13
14
15
16
5
162
163
164
369
370
371
372
375
376
377
0
0
12
1
22
14
68
69
69
69
70
71
85
16
119
4
43
217
218
7
219
78
233
234
259
378
376
379
0
0
12
12
22
37
23
68
329
330
380
381
382
383
384
0
0
12
1
13
14
15
16
5
162
163
385
386
265
190
289
387
388
333
389
390
0
0
12
12
22
37
23
68
17
121
123
187
188
189
190
191
0
0
12
12
22
37
23
38
39
40
41
42
43
44
391
392
0
0
12
1
13
14
15
16
5
162
163
385
393
329
394
395
396
397
0
0
12
12
22
37
135
192
123
288
163
398
332
399
400
401
0
0
12
1
13
14
15
16
17
18
321
322
323
402
403
0
0
12
12
22
37
135
192
123
193
194
404
405
406
0
0
12
1
22
2
24
99
39
57
41
29
407
278
380
408
409
410
0
1
2
98
99
47
100
101
97
102
0
1
2
98
99
41
142
225
407
411
412
413
414
415
0
0
12
12
22
37
23
38
39
40
41
193
416
417
345
418
419
0
0
12
12
22
13
98
99
177
178
420
265
421
0
0
12
1
22
14
68
69
69
69
70
71
85
16
119
4
43
217
422
82
167
0
0
12
1
13
14
15
16
5
162
163
164
165
166
167
196
197
198
199
423
0
0
12
1
22
2
24
99
39
57
41
143
424
58
341
0
0
12
1
22
14
68
69
69
69
70
71
72
73
73
192
285
425
276
426
170
0
0
12
1
13
14
15
70
85
114
86
285
427
267
428
429
430
0
0
12
1
13
14
15
70
85
114
86
285
427
267
428
429
430
0
0
12
12
22
13
23
24
4
44
431
287
432
307
0
0
12
12
22
13
98
99
177
178
179
433
434
435
436
437
0
1
2
3
4
135
288
92
143
284
438
225
319
258
422
439
440
441
442
0
0
12
12
22
37
23
38
39
40
41
42
43
44
45
0
0
12
12
22
13
23
56
57
58
103
104
105
106
443
0
0
12
12
22
37
23
38
39
444
445
446
0
0
12
1
13
14
15
70
85
114
86
447
448
449
450
451
0
0
12
1
13
14
15
16
5
162
163
385
386
265
190
289
387
388
452
453
0
0
12
1
22
2
72
85
16
177
121
203
454
31
455
0
0
12
1
13
23
98
24
179
225
431
387
151
456
457
458
0
0
12
1
13
14
15
16
5
91
288
215
459
460
300
461
462
463
464
0
1
2
3
4
135
465
294
466
459
446
467
468
469
161
470
0
0
12
12
22
13
23
56
57
58
59
471
472
473
474
0
0
12
1
13
14
15
16
17
282
475
87
476
477
61
436
478
0
0
12
1
22
2
24
99
39
57
135
136
137
479
0
0
12
12
22
37
23
38
39
40
41
42
43
44
45
46
47
48
49
50
480
0
0
12
1
22
2
72
18
119
179
219
105
481
0
0
12
1
13
14
15
16
5
91
288
215
459
482
0
1
2
98
99
41
142
143
144
19
276
483
0
0
12
1
13
23
98
24
86
30
484
204
357
209
483
145
485
63
113
486
0
0
12
12
22
13
98
99
177
218
317
25
318
319
487
195
325
0
1
2
98
99
41
142
143
144
145
146
356
488
0
0
12
1
13
23
98
24
179
484
489
490
0
0
12
12
22
13
23
24
4
44
431
287
491
492
0
0
12
1
13
14
15
16
17
282
475
87
493
494
495
0
0
12
12
22
37
23
38
39
40
41
42
496
346
21
497
498
0
0
12
12
22
13
23
24
4
44
499
245
500
501
0
0
12
12
22
37
135
192
123
288
502
503
504
0
1
2
3
4
135
465
294
466
459
446
467
468
469
161
470
0
0
12
1
13
14
15
16
17
282
475
87
493
482
461
505
506
0
1
2
3
4
135
465
507
508
509
510
197
0
0
12
12
22
37
23
68
17
121
123
206
511
512
513
0
0
12
1
13
23
98
24
179
225
188
514
515
405
516
0
0
37
39
116
517
518
0
0
12
1
22
2
24
99
39
57
135
136
137
138
139
140
141
519
0
1
1
22
13
136
520
521
522
523
524
0
0
12
12
22
13
23
56
525
26
526
527
0
0
12
12
22
37
23
68
17
121
122
251
33
528
347
529
530
531
0
1
2
3
4
135
465
507
508
532
533
0
0
12
1
22
2
72
85
86
29
87
534
535
536
253
537
538
0
0
12
12
22
13
23
24
3
28
51
374
317
539
540
0
0
12
1
13
23
3
73
121
42
150
151
152
153
154
0
0
12
1
22
14
68
69
69
69
70
71
72
541
542
0
0
12
12
22
13
23
24
3
28
51
52
543
132
544
0
0
12
12
22
37
135
192
123
288
502
503
504
545
0
0
12
12
22
13
98
26
304
305
306
307
0
0
12
1
22
2
72
18
119
179
219
546
547
548
0
1
2
3
4
135
465
507
487
549
67
0
0
12
1
13
14
15
550
129
551
552
553
554
555
0
0
12
1
22
2
72
18
119
40
465
556
318
557
380
558
497
559
560
0
0
12
1
13
14
15
16
5
91
92
93
94
561
0
0
12
1
13
23
98
24
86
30
484
204
357
209
449
0
0
12
1
22
14
78
79
80
81
82
83
34
562
563
0
0
12
1
22
2
24
99
39
5
115
44
129
245
182
276
557
564
0
1
1
22
13
14
28
29
30
31
32
33
34
108
109
110
111
112
113
0
0
12
12
22
37
23
38
39
40
41
193
230
231
393
565
566
567
568
0
0
12
1
13
14
15
16
17
282
475
87
476
477
61
436
478
0
1
1
22
13
14
28
122
237
237
217
87
569
117
487
570
0
0
12
1
22
14
68
38
203
299
425
571
572
573
574
0
1
2
98
70
444
575
576
577
578
579
580
581
0
0
12
1
13
23
98
24
86
30
484
204
357
209
483
145
485
582
583
0
0
12
1
13
14
15
70
85
114
86
285
427
267
428
429
430
0
1
1
22
13
14
28
122
237
341
504
354
584
585
586
0
0
12
1
22
14
68
69
69
69
70
71
72
73
73
192
285
425
587
0
0
12
1
13
23
98
24
86
187
352
588
589
400
0
0
12
1
22
14
68
69
162
178
237
230
590
591
0
0
12
1
13
23
98
24
179
484
0
1
2
3
4
135
288
92
143
284
438
225
592
205
375
593
0
1
2
3
4
135
288
92
143
284
438
225
592
205
375
593
0
0
12
1
22
14
68
69
69
69
70
71
72
73
18
57
594
558
595
596
0
0
12
12
22
37
23
68
17
121
122
251
33
528
347
597
598
0
0
12
12
22
37
23
68
329
545
599
600
0
0
12
12
22
13
23
56
525
601
602
603
0
1
2
3
4
135
465
294
466
604
605
606
607
0
0
12
12
22
37
23
68
17
514
578
608
609
0
0
12
1
22
14
68
69
69
69
70
71
72
73
73
575
0
1
2
98
70
444
575
484
610
611
0
1
2
98
99
41
142
225
407
433
88
343
173
0
0
12
1
22
2
24
99
39
5
115
44
204
612
613
614
403
615
0
0
12
1
13
14
15
16
17
18
6
19
20
21
184
601
616
588
617
0
0
12
1
22
14
68
69
162
178
237
230
92
618
0
0
12
12
22
13
23
56
525
601
619
110
620
621
0
0
12
1
22
14
68
69
69
69
565
622
623
111
0
1
2
98
70
28
215
216
278
346
347
291
184
254
348
349
0
0
12
1
22
2
24
99
39
57
41
29
407
278
380
408
409
410
0
0
12
1
22
14
68
69
162
178
237
238
624
625
0
0
12
12
22
37
23
68
17
121
123
187
626
627
0
0
12
12
22
37
135
192
123
288
502
503
58
194
81
628
64
629
0
0
12
1
22
2
72
85
86
630
205
631
632
633
634
635
0
0
37
39
424
475
636
637
638
639
640
0
0
12
12
22
13
23
56
525
601
619
110
620
621
0
0
12
12
22
37
23
68
17
121
122
123
262
262
0
0
12
1
13
23
98
114
115
45
116
117
641
194
185
371
642
643
644
645
0
1
1
22
13
14
28
29
30
31
32
646
647
0
1
1
22
13
14
28
29
30
31
32
33
294
407
551
304
648
649
650
0
0
12
12
22
37
23
68
17
121
123
187
188
189
103
60
651
652
653
654
0
0
12
1
13
23
98
114
115
45
116
117
641
194
655
656
657
0
0
12
1
22
14
68
69
69
69
70
71
85
16
119
4
43
217
218
7
219
220
221
222
223
224
0
0
12
12
22
13
98
99
177
178
179
180
181
182
125
0
0
12
1
22
2
72
18
119
40
438
233
658
659
660
661
0
0
12
12
22
13
98
99
177
178
420
592
0
0
12
1
22
2
72
85
16
177
121
466
662
663
0
0
12
1
22
14
68
69
69
69
70
71
85
16
119
4
43
217
218
7
219
78
664
665
666
0
0
12
12
22
37
135
192
123
288
163
667
668
669
670
671
0
0
12
1
22
14
68
69
69
69
70
71
72
73
73
192
263
672
570
673
554
0
1
1
22
13
14
71
6
674
330
675
375
676
677
678
0
0
12
1
13
14
15
70
85
114
231
604
679
680
681
682
0
0
12
1
22
2
24
99
39
57
135
136
137
0
1
1
22
13
14
28
122
237
341
342
404
683
684
0
1
1
22
13
14
28
122
237
237
217
87
569
117
487
570
685
0
0
12
12
22
37
23
68
17
121
122
123
262
263
420
675
542
686
0
0
12
1
22
2
24
99
155
687
550
688
689
213
0
0
12
12
22
37
23
68
17
121
122
123
262
262
385
0
0
12
1
13
14
15
16
5
91
288
503
231
674
690
691
0
0
12
1
22
2
72
18
119
179
219
105
481
0
0
12
1
22
14
68
69
69
69
70
71
72
73
18
57
33
520
528
692
693
0
0
12
12
22
37
23
38
39
40
41
193
416
417
345
418
419
0
1
2
98
99
41
142
225
407
433
694
695
696
697
698
699
368
700
0
1
1
22
13
14
28
122
237
237
217
87
569
342
701
702
703
704
0
0
12
1
13
14
15
16
17
18
6
19
20
64
65
705
706
707
708
0
0
12
1
13
14
15
16
5
91
288
503
528
535
540
709
710
0
1
1
22
13
14
28
29
30
31
32
33
34
108
109
711
9
0
0
12
12
22
37
23
38
39
40
41
42
43
44
45
46
47
48
49
50
480
0
0
12
1
22
2
24
99
39
57
135
136
284
357
358
359
183
360
361
355
472
0
1
2
98
70
444
575
576
577
578
579
580
581
0
0
12
12
22
13
23
56
57
272
273
613
408
712
713
0
0
12
1
13
14
15
70
85
114
86
447
448
449
450
714
715
716
0
0
12
1
22
2
72
85
16
177
193
144
717
718
719
720
0
1
2
98
99
41
142
225
407
411
412
413
152
298
721
0
1
2
3
4
5
6
512
49
0
0
12
12
22
13
23
56
57
272
273
274
133
275
0
0
12
12
22
13
98
99
177
178
179
180
722
569
360
723
724
415
0
0
12
1
22
14
68
69
69
69
70
71
85
16
119
4
51
138
174
308
0
0
12
1
22
14
68
69
69
69
70
71
72
73
73
192
263
725
360
365
726
0
0
12
12
22
37
23
68
17
121
123
206
511
512
513
0
0
12
12
22
13
98
99
177
178
179
433
434
435
436
437
0
0
12
1
22
2
72
85
16
177
121
203
727
728
729
730
731
0
1
2
98
99
41
438
732
0
0
12
1
22
14
68
69
69
69
70
71
72
73
18
57
594
558
298
0
0
12
1
22
2
24
99
39
57
135
431
216
471
612
117
733
474
0
0
12
12
22
13
98
99
177
178
179
180
181
315
378
734
698
439
0
0
12
1
13
23
98
24
179
225
431
387
227
370
735
418
736
737
0
1
2
3
4
135
288
92
143
284
438
225
592
257
100
738
0
0
12
12
22
37
23
68
329
330
331
332
254
172
739
0
0
12
1
22
2
24
99
39
57
41
29
407
662
740
741
742
619
743
0
0
12
12
22
37
135
192
123
288
502
722
728
744
745
476
95
746
747
0
1
2
3
4
135
288
92
143
284
438
225
319
258
0
0
12
1
22
2
72
85
16
177
121
203
454
748
138
749
750
398
751
752
753
689
754
755
0
0
12
1
22
2
24
99
39
57
135
136
137
138
756
372
0
0
12
1
13
14
15
16
5
162
262
757
36
758
759
0
0
12
1
22
2
24
99
39
57
41
29
407
662
740
0
1
1
22
13
14
28
122
237
341
504
354
584
585
586
0
1
1
22
13
14
28
29
30
31
32
33
34
108
109
110
111
760
0
0
12
1
22
2
72
18
40
761
61
714
762
763
764
0
0
12
1
22
14
68
69
69
69
70
765
454
217
322
766
617
767
0
0
12
1
13
14
15
16
17
18
6
19
20
64
65
705
706
707
708
0
0
12
1
13
14
15
550
181
768
769
770
0
0
12
12
22
37
23
38
39
40
41
193
230
231
393
565
566
771
558
772
773
774
775
776
0
0
12
1
22
2
24
99
39
57
41
143
592
471
290
777
0
0
12
1
22
2
72
18
40
761
61
778
0
0
12
12
22
37
135
192
123
288
163
667
291
434
369
779
524
0
0
12
1
22
2
24
99
39
57
135
136
284
357
358
0
0
12
1
22
2
72
85
86
630
205
317
238
780
781
0
0
12
1
13
14
15
16
17
282
475
87
476
596
0
0
12
12
22
13
23
56
57
272
273
613
0
0
12
1
13
14
15
16
5
162
163
164
165
166
167
196
197
198
0
1
1
22
13
14
71
56
427
782
783
64
0
0
12
1
13
23
98
24
179
484
784
756
246
785
786
787
788
789
0
1
2
98
99
41
142
225
407
433
694
695
599
591
0
0
12
1
22
2
72
85
86
29
87
534
535
536
253
537
538
0
0
12
12
22
37
23
68
329
330
380
381
382
383
0
0
12
1
13
14
15
16
5
162
163
385
393
329
394
395
396
790
0
0
37
39
116
417
791
792
793
0
0
12
12
22
13
98
99
177
178
420
592
445
794
507
795
349
0
0
12
12
22
37
23
38
39
40
41
42
43
44
45
46
796
797
798
799
800
0
0
12
1
22
14
68
69
69
69
70
71
85
16
119
120
257
258
259
801
0
0
12
1
22
14
68
69
162
178
237
238
80
0
0
12
12
22
37
135
192
162
802
694
803
804
0
0
12
12
22
37
23
38
39
40
41
42
43
44
45
104
722
805
806
807
808
0
0
12
1
13
14
15
70
85
114
231
604
679
680
681
682
0
0
12
12
22
37
135
206
269
769
805
112
809
0
0
12
1
22
2
72
18
119
179
219
546
547
0
1
2
3
4
135
288
92
143
284
289
290
191
810
241
0
0
12
12
22
37
23
38
39
40
41
193
230
231
393
565
566
771
558
772
0
0
12
12
22
13
23
24
3
25
26
27
811
616
812
0
0
12
1
22
2
24
99
39
57
135
136
137
138
139
813
814
0
0
12
1
13
14
15
16
5
162
163
164
369
370
371
372
375
627
815
816
817
0
0
12
1
13
14
15
550
129
818
819
820
0
0
12
1
13
23
98
114
115
45
116
117
641
705
821
0
0
12
1
22
2
24
99
39
57
135
431
216
471
612
117
733
822
823
0
0
12
1
22
2
24
99
39
57
135
431
216
471
517
824
234
825
826
0
1
2
98
99
41
142
225
226
227
228
229
0
1
2
98
99
41
142
225
407
433
88
343
663
827
828
0
1
2
3
4
135
465
294
466
604
605
829
0
0
12
1
13
14
15
16
5
91
288
503
528
535
540
709
710
0
1
2
98
99
41
142
143
144
145
414
715
382
0
0
12
1
13
23
98
114
115
45
116
117
641
0
0
12
1
13
23
98
114
115
45
116
117
641
194
185
371
642
643
644
830
831
0
0
12
1
22
2
72
85
16
177
193
137
209
210
211
0
0
12
1
13
23
98
24
179
484
784
768
832
833
834
0
0
12
12
22
37
23
68
17
121
122
123
262
263
264
454
412
835
823
11
0
0
12
1
22
14
68
69
69
69
70
71
72
73
73
575
757
667
728
399
836
837
838
839
0
0
12
1
22
2
24
99
39
5
115
44
129
130
131
132
133
0
0
12
1
22
2
72
85
16
177
121
203
454
748
651
594
158
614
840
841
0
0
12
1
13
14
15
16
17
18
6
19
20
64
65
66
842
0
0
12
1
13
14
15
16
17
18
6
19
20
64
65
66
67
0
1
2
3
4
135
288
92
143
284
438
361
843
844
845
0
0
12
1
22
2
72
85
16
177
193
144
717
718
786
846
847
848
207
0
1
2
3
4
135
465
294
466
459
446
467
468
469
161
470
849
0
0
37
39
424
283
850
323
851
0
0
12
12
22
13
98
99
177
178
179
180
722
852
170
543
590
853
854
855
0
0
12
12
22
13
23
24
3
28
51
52
53
54
856
297
221
857
679
0
0
12
1
13
23
98
114
115
45
116
117
641
705
821
0
0
12
12
22
37
23
38
91
178
374
782
644
0
0
12
1
22
2
72
85
16
177
318
346
248
799
858
0
0
12
1
13
23
98
114
115
45
116
117
641
194
655
656
657
0
0
12
1
22
2
24
99
39
57
41
29
244
189
668
749
692
859
0
0
12
1
22
2
72
85
86
29
87
534
535
536
253
537
538
0
0
12
12
22
37
135
192
162
802
476
0
1
2
3
4
135
288
92
143
284
438
225
592
257
257
860
649
861
710
224
0
0
12
1
13
23
98
114
115
45
116
117
118
803
862
0
0
12
1
13
14
15
16
5
162
163
385
386
265
190
289
387
388
333
389
390
0
1
2
3
4
135
465
294
466
604
605
606
607
0
0
12
1
13
23
98
24
179
484
784
756
246
701
491
851
834
207
0
0
12
1
13
23
3
73
121
42
299
238
300
762
0
1
2
98
70
28
215
216
278
346
347
291
184
254
348
349
350
351
0
0
12
1
22
2
72
85
16
177
193
144
717
718
786
846
847
848
236
0
0
12
1
22
2
72
18
119
179
219
546
547
548
0
0
12
1
13
14
15
550
129
551
552
863
0
0
12
12
22
13
98
99
177
178
420
592
445
794
507
795
349
0
0
12
12
22
13
98
99
177
178
179
180
722
852
342
864
622
865
0
1
2
98
70
28
765
187
319
866
867
0
0
12
1
13
14
15
16
17
18
6
19
20
64
65
705
175
868
0
0
12
1
22
14
68
38
203
299
226
869
629
870
0
0
12
1
22
14
68
69
162
178
237
238
624
625
0
0
12
1
13
23
98
24
86
30
484
204
357
209
449
871
872
0
0
12
1
22
14
68
69
69
69
70
71
72
73
73
575
757
757
353
556
727
732
782
510
544
873
874
0
0
12
1
22
14
68
69
69
69
70
71
85
16
119
4
43
217
218
7
219
220
425
875
876
0
1
1
22
13
14
28
122
237
237
217
87
569
117
487
570
685
877
149
0
0
12
1
22
2
24
99
39
5
115
44
129
245
878
421
311
879
880
881
0
0
12
1
13
14
15
16
5
91
288
503
528
725
733
631
694
540
882
883
0
0
12
12
22
37
23
68
17
121
122
251
33
528
884
131
885
886
887
0
0
12
1
13
23
98
24
86
187
352
588
0
0
12
1
22
2
24
99
39
57
135
431
216
471
612
117
733
822
823
0
0
12
12
22
37
135
192
162
443
0
1
1
22
13
14
28
122
237
341
504
888
0
1
2
3
4
135
288
92
479
889
795
890
0
0
12
1
22
14
68
69
69
69
70
71
72
73
18
57
594
891
0
0
12
1
22
2
24
99
39
57
135
136
137
138
756
892
0
0
12
1
22
2
24
99
39
57
41
143
424
247
893
139
645
894
0
0
12
1
13
23
3
73
121
42
299
238
300
762
0
0
12
12
22
37
23
38
39
40
41
193
230
231
393
565
566
771
558
772
773
0
0
12
1
22
2
24
99
39
57
135
136
137
138
139
140
141
0
0
12
1
13
14
15
16
17
18
6
299
515
500
395
560
895
0
0
12
1
13
14
15
16
17
18
6
299
309
310
311
312
313
0
0
12
12
22
37
23
38
91
178
374
782
896
897
736
898
0
0
12
1
22
14
68
69
69
69
70
71
72
73
18
57
33
74
899
0
0
12
1
22
2
24
99
39
57
41
143
424
247
893
139
645
894
0
0
12
1
22
14
68
69
162
178
155
539
900
0
0
12
1
22
2
72
85
16
177
193
144
717
718
719
720
0
0
12
1
22
14
68
69
69
69
70
71
72
73
73
192
263
672
570
673
554
0
0
12
1
13
14
15
70
85
114
86
447
448
901
902
0
0
12
1
22
2
72
18
119
40
438
233
515
903
0
0
12
12
22
37
23
68
17
121
123
187
626
613
763
904
0
0
12
1
22
14
68
69
69
69
70
71
72
73
18
57
33
520
528
692
693
905
906
0
1
2
98
70
28
765
187
51
144
687
662
120
907
859
0
0
12
1
13
14
15
16
5
162
163
385
386
265
190
295
0
1
1
22
13
14
28
29
30
31
32
33
34
108
109
110
111
112
113
0
0
12
1
13
23
3
73
121
129
266
908
909
0
1
1
22
13
14
28
29
30
31
32
33
34
108
109
110
111
112
199
0
0
12
12
22
37
135
206
269
769
0
0
12
1
22
2
24
99
39
57
135
136
137
479
910
911
0
0
12
12
22
13
23
24
4
44
499
245
0
0
12
12
22
13
23
24
3
28
51
374
317
104
893
850
912
0
0
12
1
22
14
68
69
69
69
70
71
85
16
119
120
257
258
259
260
0
0
12
12
22
37
135
192
123
288
502
503
58
194
81
628
64
629
0
0
12
12
22
37
135
192
123
288
163
667
291
434
369
779
524
0
0
12
1
13
23
3
73
121
129
266
365
366
367
368
913
0
0
37
39
424
475
914
871
0
0
12
1
13
14
15
16
5
91
288
503
528
535
587
915
0
1
2
3
4
135
288
92
479
889
795
890
0
1
2
98
99
41
142
143
144
19
276
74
0
1
2
98
99
41
142
143
916
917
0
0
12
1
22
2
24
99
155
687
343
0
0
12
1
13
14
15
16
17
18
6
299
309
310
683
918
919
0
0
12
1
13
14
15
16
17
282
475
87
493
482
461
505
506
0
0
12
1
22
2
72
85
16
177
121
203
454
31
455
812
109
886
463
855
0
0
12
1
22
2
72
18
40
761
61
714
762
920
0
0
12
12
22
37
135
192
123
288
502
722
728
744
745
476
95
746
747
0
1
2
98
99
41
142
225
407
411
921
561
0
0
12
1
13
14
15
16
5
91
92
93
748
922
923
924
0
0
12
1
13
14
15
16
17
18
6
19
20
64
65
66
67
0
0
12
1
13
14
15
16
17
18
6
19
20
21
184
601
616
588
617
925
0
0
12
1
22
2
72
85
16
177
121
203
454
748
138
749
750
926
0
0
12
12
22
37
23
38
91
142
321
352
182
60
417
927
488
928
0
0
12
12
22
37
23
38
39
40
41
42
43
44
45
104
929
918
0
0
12
1
22
14
68
69
162
263
20
0
0
12
12
22
13
23
24
3
28
264
930
931
932
933
934
0
0
12
12
22
13
23
56
525
601
619
110
620
621
0
0
12
12
22
13
98
99
177
178
179
433
434
435
811
0
1
1
22
13
14
28
122
237
341
504
354
690
255
935
0
0
12
1
22
14
68
69
69
69
70
765
374
630
797
936
833
924
0
0
12
12
22
37
23
68
17
121
122
123
124
937
938
939
940
941
0
0
12
12
22
13
98
99
177
178
420
265
421
373
942
0
0
12
1
22
14
68
69
69
69
70
71
72
73
18
57
33
520
528
692
693
905
906
943
0
0
12
1
13
14
15
16
17
18
321
601
0
0
12
1
22
14
68
69
162
178
155
427
944
945
0
1
1
22
13
14
28
29
30
31
32
33
294
407
278
131
946
947
948
0
0
12
12
22
37
135
192
123
288
502
722
728
744
745
476
95
746
747
0
0
12
1
13
23
98
24
179
225
431
387
151
456
457
458
0
0
12
1
13
23
98
24
86
187
352
353
910
949
552
140
950
0
0
12
1
22
2
24
99
39
57
41
29
407
662
818
902
0
0
12
1
13
23
98
24
179
225
188
951
315
952
498
0
0
12
1
13
23
98
24
86
30
484
521
270
0
0
12
1
13
23
98
24
86
187
953
409
126
383
0
0
12
1
22
2
24
99
39
57
41
29
244
189
668
54
477
467
0
0
12
1
22
2
24
99
39
57
135
431
216
656
0
0
37
39
424
283
850
323
851
0
1
1
22
13
14
28
122
237
341
342
343
344
954
853
955
0
0
12
1
22
14
68
69
69
69
70
71
72
73
73
575
757
667
728
399
956
0
0
12
12
22
13
98
99
177
178
179
433
434
435
811
0
1
1
22
13
136
520
521
522
523
446
957
958
959
0
0
12
1
22
2
72
18
119
40
465
556
318
557
380
558
497
559
960
0
0
12
1
13
23
98
24
179
0
0
12
12
22
37
135
192
123
193
194
404
405
406
961
0
0
12
1
22
14
68
69
69
69
70
765
374
630
797
936
962
0
0
12
1
13
14
15
16
5
91
288
215
459
482
567
0
0
12
1
13
23
98
24
179
225
188
514
515
963
775
555
964
965
0
0
12
1
22
14
68
69
69
69
70
71
72
73
18
57
594
558
298
0
0
12
12
22
13
98
99
177
178
179
433
434
435
0
0
12
1
13
23
3
73
121
129
266
365
366
367
368
966
0
0
12
1
22
2
72
85
16
177
121
203
454
748
138
749
750
398
751
752
753
689
0
0
12
1
22
2
72
18
40
761
61
714
762
920
0
0
12
1
13
14
15
16
5
162
163
164
369
370
210
938
919
0
0
12
1
13
23
3
73
750
967
0
0
12
12
22
37
23
38
39
40
41
193
230
231
393
968
0
0
12
1
13
14
15
70
85
114
86
447
448
901
726
169
969
0
0
12
1
22
2
24
99
39
57
135
136
284
285
286
287
105
970
909
0
0
12
12
22
13
98
99
177
178
179
180
722
852
342
864
622
865
0
0
12
12
22
37
23
38
39
40
41
42
496
346
369
695
971
0
0
12
12
22
37
23
68
329
330
331
332
254
333
334
0
0
12
1
22
14
68
38
203
299
425
571
572
573
574
0
0
12
1
22
2
72
18
119
40
465
556
972
973
699
0
0
12
1
13
14
15
16
5
162
163
164
165
166
167
196
197
198
199
200
0
0
12
12
22
37
23
68
0
0
12
1
22
2
24
72
155
974
597
975
976
977
0
0
12
1
22
2
24
99
39
57
41
143
592
471
290
0
0
12
1
13
14
15
70
85
114
86
447
448
449
450
714
978
0
0
12
1
22
14
68
69
162
178
155
427
944
0
0
12
1
22
14
68
69
69
69
70
71
72
541
979
462
549
0
0
12
1
22
2
72
85
16
177
7
980
0
0
12
1
22
2
72
85
16
177
121
203
454
748
651
594
0
0
12
1
22
2
24
99
39
5
115
44
129
130
131
981
982
615
0
1
2
98
99
47
100
0
0
12
1
22
2
24
99
39
57
135
136
137
138
756
892
0
0
12
1
22
14
68
69
69
69
70
71
85
244
215
245
246
247
248
936
983
984
955
985
986
0
0
12
1
22
14
68
69
69
69
70
765
374
79
164
987
148
0
0
12
12
22
37
135
192
123
288
163
667
291
530
988
691
0
0
12
1
22
14
78
180
761
901
989
0
1
1
22
13
136
520
521
522
297
990
991
976
0
0
12
12
22
37
23
68
17
121
123
187
188
189
103
60
521
992
993
994
334
995
647
0
0
12
12
22
13
98
99
177
178
420
265
421
511
943
0
0
12
1
22
14
68
69
69
69
70
71
85
16
119
4
43
217
218
7
219
78
233
234
235
996
997
767
0
1
2
98
99
41
438
732
535
998
0
0
37
39
116
417
742
309
999
0
0
12
12
22
37
23
38
91
0
1
2
3
4
135
465
294
466
459
0
0
12
1
13
23
98
114
115
45
116
117
641
194
655
656
657
0
0
12
1
13
23
3
73
121
129
266
365
366
159
1000
401
0
1
2
98
70
28
215
216
278
346
247
785
1001
0
0
12
1
13
14
15
16
17
282
475
87
476
477
61
436
478
0
0
12
1
13
14
15
16
17
18
6
19
20
21
184
601
616
588
617
1002
966
0
0
12
1
13
23
98
24
179
484
784
768
1003
1004
1005
1006
0
0
12
1
22
2
72
85
86
630
205
631
868
0
0
12
1
13
14
15
16
17
18
6
19
20
64
1007
0
0
12
12
22
13
23
56
525
601
602
1008
196
1009
0
1
2
3
4
135
288
92
479
283
460
150
1010
1011
758
0
1
1
22
13
14
28
122
237
237
217
87
569
117
487
316
627
0
1
1
22
13
14
28
29
30
31
32
33
34
108
109
110
111
112
113
0
0
12
12
22
37
135
192
123
193
194
404
405
406
961
0
0
12
1
22
2
72
85
16
177
121
203
727
1012
1013
1014
0
0
12
1
22
2
24
99
39
57
135
431
216
471
612
34
1015
0
0
12
1
13
23
98
114
115
45
116
117
118
0
1
1
22
13
14
28
122
237
341
504
354
690
255
935
0
0
12
1
22
2
24
99
39
57
135
431
216
471
517
1016
62
1017
1018
0
0
12
12
22
37
23
38
39
40
41
193
230
231
393
565
566
771
558
772
773
774
775
776
0
0
12
1
22
14
68
69
162
178
155
539
636
1019
1020
0
0
12
1
13
14
15
16
17
282
475
740
1010
403
0
0
12
1
22
2
24
99
39
57
135
431
216
471
517
1016
62
973
882
1021
0
1
2
98
70
28
215
216
278
346
347
523
371
967
0
0
12
1
13
23
3
73
121
42
299
19
869
714
1022
0
0
12
1
22
2
72
18
119
40
438
233
658
659
660
661
1023
934
0
0
12
12
22
13
23
24
3
25
26
254
255
1024
0
0
12
1
22
2
24
99
155
20
156
157
158
159
160
161
0
0
12
1
22
14
68
69
69
69
70
765
454
217
322
21
576
1025
1026
838
1027
0
0
37
39
424
475
636
637
0
0
12
1
22
2
72
85
16
177
121
203
727
728
729
730
1028
0
0
12
1
22
2
24
99
39
57
135
431
216
471
517
1016
62
973
882
1021
0
1
2
98
99
41
142
225
407
433
88
343
663
827
828
0
0
12
12
22
37
23
68
17
121
122
123
262
262
385
0
0
12
1
22
2
72
85
86
630
0
0
12
1
13
14
15
16
5
91
288
215
459
482
567
0
1
2
3
4
135
288
92
143
284
438
225
592
257
257
860
649
861
0
0
12
12
22
37
23
68
17
121
122
123
124
937
938
0
0
12
1
22
2
24
99
39
57
41
29
407
662
818
1029
1030
1031
589
1032
0
0
12
1
22
14
68
69
69
69
70
71
85
16
119
120
1033
0
0
12
12
22
37
23
68
17
121
122
251
233
252
0
0
12
12
22
37
23
38
39
40
41
42
43
294
295
824
1034
435
798
249
1035
253
1036
0
0
12
1
13
14
15
16
17
18
6
19
20
21
184
601
616
588
0
0
12
1
22
2
24
99
155
20
156
157
158
159
160
161
0
0
12
1
22
2
24
99
39
5
115
44
204
612
376
1037
0
0
12
1
22
2
24
99
39
57
41
29
407
278
380
408
409
410
0
0
12
1
13
23
3
73
121
129
266
908
909
0
0
12
12
22
37
23
68
17
121
123
187
626
627
1038
63
1039
0
0
12
12
22
37
135
206
1040
456
0
0
12
12
22
37
23
38
39
40
41
193
230
231
393
968
869
1041
854
335
0
0
12
12
22
37
135
192
162
443
943
0
1
2
3
4
5
6
512
1042
1043
1044
0
1
2
98
99
41
142
143
144
19
276
483
600
1045
0
0
12
1
22
14
68
69
69
69
70
765
374
79
0
0
37
39
424
475
636
637
638
0
0
12
1
13
23
3
73
121
129
266
365
366
367
1046
0
0
12
12
22
37
23
38
39
40
41
42
43
294
295
824
1034
1047
1048
709
0
0
37
39
424
475
636
1048
0
1
2
3
4
5
6
7
8
1049
0
0
12
1
22
14
68
69
69
69
70
71
85
16
119
4
43
217
218
7
219
78
233
234
259
0
1
2
3
4
135
465
507
508
509
510
197
0
0
12
1
22
14
68
69
69
69
70
71
72
73
73
192
263
672
967
707
1008
0
0
12
12
22
13
23
24
3
28
51
374
317
104
893
850
912
0
1
1
22
13
136
520
521
522
297
990
991
976
0
0
12
1
13
14
15
70
85
114
231
604
679
0
0
12
1
22
2
72
85
86
29
0
0
12
1
13
23
98
114
115
45
116
117
641
194
655
656
657
0
0
12
1
13
14
15
16
5
162
163
164
369
370
210
938
919
0
0
12
1
22
14
68
69
69
69
70
71
85
16
119
4
43
217
218
7
219
78
233
234
235
996
835
0
1
2
3
4
135
465
294
466
459
446
467
468
469
161
470
0
0
12
12
22
37
135
192
123
288
502
722
728
744
745
476
95
746
0
1
1
22
13
14
28
122
237
341
504
354
584
585
586
0
0
12
12
22
37
135
192
123
288
163
667
668
914
882
0
0
12
12
22
37
23
68
17
121
123
187
188
189
103
60
651
652
653
1050
1051
0
0
12
1
22
14
68
69
69
69
70
71
85
16
119
4
43
1052
359
822
0
0
12
1
22
14
68
69
69
69
70
71
72
73
73
192
263
725
360
1053
348
0
0
12
1
22
14
68
69
162
263
983
0
0
12
12
22
13
23
24
4
44
499
245
500
1009
682
0
1
1
1054
982
0
1
2
3
4
135
465
507
508
532
0
0
12
1
22
2
72
18
40
761
61
778
0
0
12
12
22
37
23
38
91
178
374
782
896
777
681
0
0
12
1
13
14
15
16
5
91
92
93
748
525
232
1055
987
436
0
0
12
12
22
37
23
38
39
40
41
42
43
44
45
104
722
387
1055
984
547
673
0
1
2
98
99
41
142
143
144
145
414
715
1056
817
0
0
12
1
13
14
15
550
129
551
552
553
554
555
0
0
37
39
424
283
850
861
0
0
12
12
22
37
23
38
39
40
41
42
43
44
45
46
47
0
1
2
3
4
135
288
92
143
284
0
1
2
98
70
444
1057
1058
0
0
12
1
13
23
98
24
86
30
484
204
357
209
483
145
0
0
37
39
116
417
742
309
999
0
0
12
1
22
2
24
99
39
57
135
136
137
479
910
649
281
208
0
0
12
1
13
23
98
24
179
484
784
768
1003
1004
0
1
2
98
70
28
215
216
278
346
347
523
371
967
0
0
12
12
22
37
23
68
17
121
123
187
188
189
103
60
521
992
993
994
243
0
0
12
12
22
37
135
192
123
288
163
667
668
914
882
0
0
12
1
13
14
15
70
85
114
231
604
679
0
1
2
3
4
5
6
7
8
1049
0
0
12
12
22
13
98
99
177
178
179
433
434
435
436
437
0
1
2
98
99
41
142
143
144
19
276
74
48
0
0
12
1
22
2
72
85
86
29
1052
771
562
877
524
0
0
12
12
22
37
23
68
17
121
123
187
626
627
1038
63
199
0
1
1
22
13
14
28
122
237
237
217
87
569
117
1059
972
0
0
12
1
22
14
68
69
69
69
70
71
72
73
18
57
594
558
595
596
0
0
12
1
13
23
98
24
179
225
431
387
227
370
735
418
736
737
0
0
12
1
13
14
15
16
17
18
6
299
309
310
311
312
313
0
0
12
12
22
37
23
68
329
330
331
332
254
172
0
1
1
22
13
14
28
122
237
341
342
404
1060
0
0
12
1
22
14
68
69
69
69
70
71
85
244
215
1061
473
807
0
0
12
1
22
2
24
99
39
57
135
136
137
138
756
892
533
0
0
12
1
22
2
24
99
39
57
41
29
244
189
668
54
477
1062
1063
1064
0
1
2
3
4
135
288
92
143
284
438
225
592
257
257
860
649
861
710
224
0
0
12
12
22
37
135
192
123
288
502
722
728
744
745
476
95
746
0
0
12
1
13
14
15
70
85
114
231
116
270
271
1065
876
0
1
2
3
4
135
465
294
466
459
181
701
83
1066
1067
0
0
12
12
22
37
23
38
39
40
41
42
43
44
45
46
47
48
396
1068
0
0
12
1
13
23
3
73
121
129
266
365
366
159
1000
401
0
0
37
39
424
283
850
323
851
0
1
1
22
13
14
28
122
237
341
342
343
344
954
853
0
0
12
1
22
2
72
85
86
630
205
631
632
633
634
1069
0
0
12
1
22
14
68
69
69
69
70
71
85
16
119
4
43
217
218
7
1055
628
1070
1071
0
1
2
3
4
135
288
92
143
284
438
225
592
257
257
860
649
861
710
0
1
2
3
4
135
288
92
143
284
438
225
319
258
1072
937
781
0
0
12
1
22
2
72
18
40
279
0
1
1
22
13
14
28
29
30
31
32
33
34
35
36
0
0
12
12
22
13
98
99
177
178
179
180
181
182
183
184
185
186
50
0
0
12
1
13
23
3
73
121
42
299
238
300
762
0
0
12
1
22
14
68
69
69
203
204
483
911
10
0
0
12
12
22
37
23
38
39
40
41
193
230
231
393
968
0
1
2
98
99
41
142
225
407
433
88
343
663
396
1073
1074
1075
849
0
0
12
1
22
14
68
69
69
203
25
46
141
1076
0
0
12
1
22
14
78
180
761
901
989
0
1
1
22
13
14
71
6
0
0
12
1
13
14
15
16
5
162
163
385
393
329
394
395
396
790
0
0
12
12
22
37
23
38
39
40
41
42
496
346
21
497
1077
1078
1079
1080
1081
201
0
0
12
1
22
14
68
69
69
69
70
71
85
16
119
4
51
138
550
1082
904
868
0
0
12
1
22
2
72
18
40
761
61
778
1083
1084
1085
0
0
12
1
22
14
68
69
69
69
70
71
85
16
119
4
51
138
174
308
0
0
12
1
22
2
72
18
119
40
438
233
515
903
0
0
12
12
22
37
23
68
17
121
122
251
33
528
884
131
885
886
887
0
0
12
1
13
14
15
16
5
162
163
385
386
265
1086
0
0
12
1
13
14
15
70
85
114
86
285
427
267
1087
1088
1089
0
0
12
1
22
2
24
99
39
57
135
136
284
285
286
723
214
174
338
0
0
12
12
22
37
23
68
17
121
122
123
124
937
1090
0
0
12
1
22
2
24
99
39
57
41
29
407
662
818
1029
1030
1031
589
1032
0
0
12
12
22
37
23
38
39
40
41
193
230
231
232
0
0
12
1
22
2
24
99
39
57
41
143
592
471
150
477
1091
0
0
12
12
22
37
23
38
39
40
41
42
43
44
45
104
929
1092
301
0
0
12
1
22
2
24
99
39
57
41
143
592
471
290
1093
0
0
12
1
22
14
68
69
69
69
70
71
72
541
979
1080
0
0
12
1
22
14
68
69
162
178
237
230
92
479
1094
0
0
12
12
22
13
23
24
4
44
499
245
500
0
0
12
1
22
14
68
38
203
299
226
869
0
0
12
1
22
14
68
69
69
69
70
71
85
16
119
4
43
217
218
7
219
78
233
234
259
378
212
0
0
12
1
22
14
78
180
761
901
989
1095
0
0
12
1
22
14
68
69
69
69
70
765
454
217
951
618
0
0
12
1
13
14
15
16
5
162
163
385
393
329
394
395
366
280
0
0
12
12
22
37
135
192
123
288
502
722
728
744
745
476
95
746
0
0
12
12
22
37
135
192
123
288
502
503
504
545
323
1096
0
1
2
98
70
444
575
576
355
548
0
0
12
12
22
13
98
99
177
178
179
180
181
315
0
0
12
1
13
14
15
16
5
162
163
164
369
370
210
963
602
0
0
12
1
22
14
68
69
69
69
70
71
72
73
18
57
33
520
447
331
0
1
2
3
4
135
288
92
143
284
438
225
592
257
257
860
649
861
710
224
0
0
12
1
13
14
15
16
5
91
92
93
748
922
1097
1098
0
1
2
3
4
135
288
92
479
283
460
150
0
0
12
1
13
23
98
24
86
187
352
353
910
949
552
140
950
0
0
12
12
22
37
23
38
39
40
41
193
230
226
497
0
0
12
1
22
2
24
99
39
5
30
251
566
0
0
12
12
22
13
98
99
177
178
179
180
722
569
360
723
1099
1100
0
0
12
1
22
14
68
69
69
69
70
71
72
73
73
192
263
725
360
365
726
1101
350
0
0
12
1
22
2
24
99
39
57
41
143
424
58
341
332
0
1
1
22
13
136
520
521
522
523
524
0
0
12
12
22
13
23
56
525
601
619
110
0
0
12
1
13
14
15
16
5
162
163
385
386
265
190
0
0
12
1
22
14
68
69
0
0
12
1
22
2
72
85
86
29
1052
771
1102
897
0
0
12
1
22
2
24
99
39
57
135
136
137
479
910
649
260
1103
696
0
0
12
1
22
14
68
69
69
69
70
71
85
244
215
245
246
247
248
936
983
984
0
0
12
1
13
23
98
24
86
187
953
409
126
383
0
0
12
1
13
14
15
16
17
18
6
19
20
21
1104
585
1105
486
0
0
12
12
22
37
135
192
162
443
943
0
0
12
1
13
23
98
24
179
225
431
387
227
891
1106
1095
773
0
0
12
12
22
37
135
192
123
288
163
667
668
669
814
1107
0
0
12
12
22
13
98
99
177
178
179
433
434
435
436
437
0
0
12
1
22
2
24
99
39
57
41
143
0
1
1
22
13
136
520
521
522
523
524
0
0
12
1
13
14
15
16
17
18
6
299
515
500
1108
0
0
12
1
22
14
68
69
69
69
70
71
72
73
73
575
757
757
353
556
727
732
782
510
0
0
12
12
22
37
23
38
39
40
41
193
230
231
393
968
869
1109
0
0
12
1
13
14
15
16
5
91
92
93
748
922
1097
1110
0
0
12
1
13
14
15
16
17
282
475
740
1010
403
223
0
0
12
12
22
37
23
38
39
40
41
193
230
231
393
565
566
567
1111
1112
0
0
12
1
22
14
68
69
162
178
237
238
624
1113
0
1
2
98
70
444
575
484
610
1114
1115
1116
0
1
2
98
99
41
142
225
407
433
88
343
663
396
1073
1074
1117
0
0
12
12
22
37
135
192
123
288
502
503
504
545
323
1096
1118
704
691
0
0
12
1
22
2
72
85
16
177
318
164
158
705
363
731
0
0
12
12
22
37
23
38
39
40
41
42
43
294
295
52
286
0
1
2
98
99
41
142
225
407
411
921
0
0
12
1
22
2
24
99
39
5
115
44
129
245
878
421
0
1
2
3
4
135
288
92
143
284
438
225
592
257
257
860
649
861
710
0
0
12
1
22
2
24
99
39
5
30
251
566
0
0
12
1
22
14
68
69
69
69
70
765
374
79
865
0
1
2
3
4
135
288
92
479
283
460
150
0
0
12
1
22
2
24
99
39
57
41
143
424
247
893
333
696
0
0
12
12
22
37
23
68
329
330
331
332
254
172
739
0
0
12
12
22
37
23
68
17
121
123
187
626
613
763
904
0
0
12
1
22
14
68
69
69
69
70
71
85
16
119
4
43
217
218
7
219
78
664
665
666
292
881
0
0
12
1
13
23
98
24
179
225
188
951
220
216
100
1119
0
0
12
12
22
13
98
99
177
218
317
25
318
734
1120
429
0
0
12
12
22
37
23
68
17
121
122
123
262
263
264
265
266
824
1062
808
1121
0
0
12
12
22
37
23
38
39
40
41
193
230
231
393
968
869
1041
584
473
0
0
12
1
13
23
98
24
86
187
352
588
589
1122
0
0
12
1
22
2
72
85
16
177
193
144
717
718
786
0
0
12
12
22
13
23
24
3
28
51
52
53
54
55
0
1
2
3
4
135
288
92
143
284
438
361
843
844
0
0
12
12
22
37
135
192
123
288
502
503
504
545
323
1096
1118
704
691
0
0
12
12
22
13
98
26
1123
936
0
0
12
1
13
23
3
73
121
129
266
365
366
367
368
913
0
0
12
1
13
23
3
73
121
42
299
238
300
271
301
160
0
0
12
1
13
14
15
70
85
114
231
604
1054
888
1124
0
0
12
1
22
2
24
72
784
88
852
53
234
1041
1125
1126
1127
0
1
1
22
13
136
520
521
522
523
524
0
0
12
12
22
13
23
24
4
1128
1034
0
0
12
12
22
13
23
56
57
58
103
104
105
106
107
0
0
12
1
13
14
15
550
129
551
552
553
554
555
0
0
12
1
22
14
68
69
69
69
70
71
85
16
119
4
43
217
218
7
219
220
425
875
0
0
12
1
22
2
72
85
86
29
87
88
314
315
316
0
0
12
12
22
13
98
99
177
218
282
475
0
0
12
1
22
14
68
69
69
203
204
205
156
1058
0
1
1
22
13
14
28
29
30
31
32
33
34
108
109
110
111
112
113
0
0
12
12
22
37
23
38
39
40
41
193
230
231
232
0
1
2
98
70
28
215
546
963
0
0
12
1
13
23
98
24
86
30
484
521
270
0
1
1
22
13
136
520
521
522
523
524
0
0
12
1
22
2
72
85
86
29
87
88
314
315
316
0
0
12
1
13
14
15
16
5
91
92
93
748
922
1097
1110
0
0
12
1
22
2
24
99
39
57
41
143
592
471
290
777
890
986
0
1
2
3
4
135
288
92
143
284
289
290
291
972
0
0
12
1
13
23
98
24
86
30
484
204
357
209
449
871
872
0
0
12
1
22
2
24
72
784
88
897
632
0
0
12
12
22
13
98
99
177
178
179
180
722
852
342
864
622
865
0
0
12
1
13
14
15
16
17
18
6
299
515
500
395
560
895
0
0
12
12
22
37
23
38
39
40
41
193
230
231
393
968
869
1041
854
335
0
0
12
1
13
23
98
114
115
45
116
117
641
194
185
371
642
643
644
830
831
0
0
12
12
22
13
98
26
304
305
1129
0
0
12
12
22
37
23
68
17
121
122
123
262
263
420
675
0
0
12
12
22
13
23
24
4
44
431
287
432
307
0
1
1
1054
1130
1131
0
0
12
1
13
14
15
16
5
162
163
385
393
329
1132
898
0
0
12
1
13
23
98
24
86
187
352
353
118
412
992
923
0
0
12
1
22
14
68
69
69
69
70
71
85
16
119
4
43
217
218
7
219
78
664
665
666
292
113
0
0
12
12
22
37
135
192
123
288
502
503
58
45
735
109
1133
0
0
12
1
13
14
15
16
5
162
163
385
393
329
394
395
396
397
0
1
2
98
70
28
765
187
51
144
687
662
0
0
12
12
22
37
135
192
123
288
163
667
291
530
988
0
0
12
1
22
2
72
85
86
29
87
88
89
1134
1135
1098
1136
0
0
12
1
13
23
3
73
121
129
266
365
366
367
368
966
0
1
2
98
70
28
765
187
51
575
489
1137
337
1138
1139
0
0
12
1
13
23
98
24
86
187
352
353
910
949
0
0
12
12
22
37
23
38
39
40
41
193
230
231
393
968
0
0
12
12
22
13
98
99
177
178
179
180
181
182
183
184
501
0
0
12
1
13
14
15
70
85
114
86
447
448
449
450
714
715
0
0
12
12
22
37
23
68
17
121
122
251
33
528
347
597
598
0
1
2
3
4
135
288
92
479
283
460
150
1010
1011
758
0
1
2
98
70
28
765
187
51
144
687
662
120
359
0
0
12
1
22
14
68
69
69
69
70
71
72
73
73
192
263
672
570
673
554
0
0
12
1
22
14
68
69
69
69
70
71
85
16
119
4
43
217
218
7
1055
628
1070
1140
840
0
0
12
1
22
2
72
85
86
630
205
631
868
0
0
12
1
22
2
24
99
39
57
41
29
407
662
818
1029
1030
1031
589
950
639
0
0
12
1
22
2
72
85
16
177
121
203
454
748
651
594
1141
0
0
12
1
13
23
3
73
121
42
150
151
152
153
154
0
0
12
1
22
14
68
69
69
69
70
71
85
244
215
245
1142
0
0
12
1
22
2
24
99
39
57
41
29
407
662
818
1029
1030
1031
1143
1144
0
1
1
22
13
136
520
521
522
523
524
0
0
12
12
22
37
23
38
39
40
41
193
230
231
393
565
566
771
558
0
0
12
12
22
37
135
192
123
288
502
503
504
0
0
12
12
22
13
23
24
4
44
499
245
347
850
1145
1146
0
0
12
1
22
2
72
18
40
761
61
714
762
763
764
0
0
12
12
22
37
23
38
39
40
41
193
230
231
393
565
566
771
558
772
0
0
12
12
22
13
23
24
3
28
51
52
53
54
55
0
0
12
12
22
37
135
192
123
288
502
503
58
45
735
109
1133
872
1147
0
1
2
3
4
135
288
92
143
284
438
225
319
258
422
646
0
0
12
12
22
37
135
192
123
193
194
195
871
0
1
1
22
13
14
28
122
237
237
217
137
954
1148
0
0
12
1
13
23
98
24
179
484
784
756
246
0
0
12
1
13
14
15
16
17
282
475
740
0
0
12
1
22
14
68
69
69
69
70
71
85
244
215
245
246
247
248
249
250
133
1149
0
0
12
1
22
14
68
69
69
69
70
765
454
217
322
21
576
271
836
0
1
2
98
99
47
949
1133
598
1150
0
0
12
12
22
37
23
38
39
40
41
42
43
294
295
824
738
1151
0
0
12
1
22
14
68
69
69
69
70
71
85
16
119
4
43
1052
0
0
12
1
13
14
15
16
17
282
183
239
505
767
0
0
12
12
22
13
23
56
57
58
103
628
914
274
94
1152
1153
0
0
12
1
13
14
15
550
129
551
552
553
554
555
0
1
2
98
99
41
142
225
407
411
412
413
152
298
721
0
1
2
98
70
444
575
484
745
587
1154
848
0
0
12
1
22
2
72
85
16
177
121
466
662
522
856
1155
0
0
12
1
22
14
68
69
69
203
204
483
911
0
0
12
12
22
37
23
38
39
40
41
42
43
294
295
824
738
1151
0
0
12
1
13
14
15
70
85
114
231
604
679
680
681
0
1
1
22
13
136
520
521
522
523
524
0
1
1
22
13
14
28
29
30
31
32
646
66
1156
1157
1158
0
0
12
12
22
37
23
68
17
121
123
187
188
189
103
60
521
992
993
994
243
1159
0
0
12
12
22
37
23
68
17
121
122
251
33
528
347
597
598
0
0
12
12
22
13
23
24
3
28
264
766
1145
50
0
0
12
1
22
14
68
69
69
69
70
71
72
73
73
192
285
425
276
426
170
0
0
12
1
13
23
98
24
179
225
188
514
272
1160
1161
0
0
12
12
22
37
23
38
39
444
445
286
434
577
171
0
1
2
3
4
135
288
92
143
284
438
225
592
257
100
1162
0
0
12
1
13
14
15
16
17
282
475
87
493
482
461
505
1163
0
0
12
12
22
37
23
38
39
40
41
193
230
231
393
565
566
771
558
772
773
774
775
776
0
0
12
12
22
13
23
24
4
44
499
245
500
501
0
1
2
98
99
41
142
225
407
433
88
343
663
396
1073
1074
1075
849
0
0
12
1
13
23
3
73
121
42
299
19
869
714
1022
0
0
12
12
22
37
135
192
123
288
502
503
58
194
81
628
64
629
1016
1164
0
0
12
1
13
14
15
550
129
551
552
553
554
555
0
0
12
12
22
37
135
192
123
193
194
404
809
0
0
12
1
13
14
15
16
5
162
163
164
369
370
371
372
375
627
815
816
817
0
0
12
12
22
37
23
38
91
178
374
797
987
259
195
644
1165
0
0
12
12
22
13
98
99
177
178
179
433
364
1166
0
0
12
12
22
37
23
38
39
40
41
193
230
231
393
565
566
771
0
0
12
1
22
14
68
69
69
203
204
205
206
426
1167
0
1
1
22
13
14
28
29
30
31
32
33
34
108
109
110
111
112
199
0
0
12
12
22
37
23
38
39
444
445
286
434
577
643
345
0
0
12
1
22
14
68
69
162
178
155
427
944
0
0
12
1
13
14
15
70
85
114
231
116
270
271
1065
876
0
1
2
3
4
135
288
92
143
284
438
225
592
205
375
593
0
1
2
98
99
41
438
732
535
998
0
0
12
1
22
14
68
69
69
69
70
765
454
217
322
21
576
271
836
1168
1169
0
0
12
12
22
37
23
68
17
121
122
123
124
59
125
603
0
0
12
1
13
14
15
16
17
282
475
87
476
477
61
1170
0
0
12
1
22
2
24
99
39
5
115
44
204
612
613
614
0
0
12
12
22
37
23
38
39
444
445
286
434
957
372
326
0
0
12
12
22
37
23
38
39
40
41
193
230
231
393
968
869
1109
1171
0
0
12
1
13
14
15
16
5
91
92
93
94
95
96
0
0
12
12
22
37
23
38
39
40
41
193
416
417
345
418
419
0
1
2
3
4
135
288
92
479
283
460
1082
1092
1172
772
0
0
12
1
22
2
24
99
155
687
343
448
780
1173
410
0
0
12
1
22
14
78
79
949
754
1174
1095
0
0
12
1
13
14
15
70
85
326
0
0
12
1
22
2
24
99
39
57
135
431
216
471
612
117
733
822
823
1175
128
1176
0
0
12
1
13
14
15
16
5
162
262
757
36
758
759
0
0
37
39
424
475
636
637
0
0
12
12
22
13
23
24
3
25
26
254
255
1024
0
0
12
1
22
2
24
99
39
57
41
29
244
189
668
749
0
0
12
12
22
37
23
68
17
121
123
187
188
189
103
60
0
0
12
1
13
14
15
550
129
818
819
820
1177
0
1
2
98
99
41
142
225
407
411
412
413
414
1178
419
0
0
12
12
22
37
23
68
329
330
331
8
1179
0
0
12
1
13
14
15
16
17
18
6
19
20
64
1007
0
0
12
1
13
14
15
16
5
91
288
215
459
460
300
461
462
0
0
12
12
22
37
135
206
269
769
805
112
809
0
0
12
1
22
14
68
69
69
69
70
71
72
73
18
57
594
558
298
858
1180
0
1
2
3
4
5
170
171
172
173
0
0
12
1
22
2
24
72
784
88
897
632
1181
0
0
12
12
22
37
23
68
17
121
123
187
188
189
103
60
651
652
653
1050
1051
0
1
2
98
99
41
142
225
407
411
412
413
414
1178
419
1182
0
0
12
1
22
2
72
85
86
630
205
631
632
633
634
1069
0
1
1
22
13
14
28
29
30
31
32
33
294
407
551
1183
1184
168
228
0
0
12
12
22
37
23
68
17
121
122
123
124
59
517
848
759
0
0
12
1
22
14
68
69
69
69
70
71
85
16
119
4
51
138
550
1185
1170
1186
0
1
2
3
4
135
288
541
370
1078
305
1187
96
0
0
12
1
22
14
68
69
69
69
70
71
72
73
73
575
757
757
353
1082
367
1188
0
1
2
98
70
28
215
546
963
1189
0
1
1
22
13
14
28
29
30
31
32
33
294
296
1190
0
0
12
1
22
14
68
69
69
69
70
765
454
217
322
21
576
271
836
1168
1169
0
0
12
12
22
37
23
68
17
121
122
251
33
528
884
131
885
886
887
0
0
12
1
13
14
15
16
5
91
92
93
94
95
96
0
0
12
12
22
13
23
56
57
58
59
60
61
62
63
0
1
2
3
4
135
288
92
143
284
289
290
291
292
0
0
12
1
13
23
98
24
179
484
784
768
1003
1004
1005
0
0
12
1
22
2
24
99
39
57
135
136
284
357
551
0
0
12
1
13
23
3
73
121
42
150
151
152
153
154
1191
0
1
2
98
70
28
765
187
51
144
687
35
453
0
0
12
1
22
14
68
69
69
69
70
71
85
244
215
245
246
247
248
249
250
133
1149
0
0
12
12
22
37
23
38
39
40
41
193
416
417
345
418
419
0
0
12
12
22
37
135
192
123
288
163
667
668
669
814
1107
0
0
12
1
22
14
68
69
162
263
20
295
1149
655
1192
1193
0
1
2
3
4
135
288
92
143
284
438
225
592
257
257
860
649
663
1191
0
0
12
1
22
2
24
99
39
5
115
44
129
130
131
132
832
633
859
0
0
12
1
22
2
72
85
86
29
87
534
535
536
253
537
538
0
1
2
98
70
28
765
187
51
144
687
35
453
107
0
0
12
1
22
14
68
69
69
69
70
71
85
16
930
579
1194
1195
1156
0
1
2
98
70
444
575
484
610
1114
1115
1116
564
0
0
12
1
13
14
15
70
85
114
231
116
270
271
1065
876
0
0
12
12
22
13
98
99
177
218
317
25
318
734
1120
429
0
1
1
22
13
14
28
29
30
31
32
33
294
407
551
1183
559
1196
0
0
12
1
22
2
72
18
119
40
438
233
0
0
12
1
22
2
24
99
39
5
30
1197
1198
0
0
12
12
22
37
23
38
39
444
796
89
0
0
12
1
13
23
3
73
121
129
266
908
0
0
12
12
22
13
23
24
4
44
499
245
347
850
1145
1146
0
0
12
12
22
37
23
68
17
121
122
123
262
263
264
454
412
835
823
11
0
0
12
1
22
2
24
99
39
57
41
29
407
278
1199
1200
0
1
2
3
4
135
288
92
143
284
438
361
508
901
0
0
12
12
22
37
23
38
39
444
445
286
434
957
372
326
0
0
12
12
22
13
98
99
177
178
179
180
722
852
342
864
622
865
0
0
12
1
22
2
24
99
39
57
135
136
284
357
358
359
183
360
361
355
472
1201
0
0
12
12
22
13
23
24
3
28
51
374
317
104
1202
688
146
548
1162
862
0
0
12
12
22
13
98
99
177
178
179
180
181
315
378
1203
0
0
12
12
22
37
23
38
39
444
445
286
434
957
372
326
0
1
1
22
13
14
71
56
427
322
922
1204
1205
0
0
12
1
22
14
68
69
69
69
70
71
72
73
73
575
757
757
1206
1207
1208
1209
1006
0
1
2
3
4
5
6
7
885
1210
1211
1212
175
0
0
12
1
13
14
15
16
17
18
6
19
20
21
1104
585
1105
926
0
0
12
12
22
13
98
99
177
218
317
25
318
734
481
1213
0
0
37
39
116
417
742
309
999
0
1
2
3
4
5
170
171
172
173
174
175
176
0
0
12
1
22
2
72
18
40
761
61
714
762
920
0
0
12
12
22
13
23
24
3
28
51
374
317
539
540
1214
1215
0
0
12
1
22
14
68
69
69
69
70
765
454
217
0
0
12
1
13
14
15
16
5
91
288
503
528
725
733
631
694
540
882
883
0
1
2
3
4
135
288
92
479
283
460
150
1010
1011
758
0
0
12
12
22
37
23
68
17
121
122
123
262
263
264
454
412
802
250
907
1023
55
0
0
12
1
13
14
15
16
5
162
163
164
165
166
167
196
197
198
199
200
201
202
0
0
12
1
13
14
15
16
5
162
163
385
386
265
190
289
387
388
452
453
0
0
12
12
22
37
23
68
17
121
123
187
188
189
190
884
939
0
1
1
22
13
14
28
29
30
31
32
33
34
108
109
711
9
0
0
12
12
22
37
23
38
39
40
41
42
43
294
295
52
48
304
75
0
0
12
1
13
14
15
16
17
282
475
740
1010
403
223
397
0
0
12
12
124
385
727
1128
512
306
1205
1216
0
1
1
22
13
14
28
122
237
341
342
343
344
345
95
1217
0
0
12
1
13
14
15
16
5
91
92
93
748
525
232
1055
987
436
0
0
12
1
22
2
72
18
119
179
219
546
547
423
0
0
12
1
22
14
68
69
69
69
70
71
72
73
18
57
33
74
75
76
0
1
2
98
70
28
215
216
278
279
106
1218
0
0
12
1
13
14
15
16
5
91
288
215
844
418
1044
0
0
12
1
22
14
68
69
162
263
20
295
1149
655
1192
1193
0
0
12
1
22
2
72
85
86
630
205
631
868
0
0
12
1
13
14
15
16
5
162
163
385
386
265
190
289
387
388
333
389
390
1219
839
0
0
12
1
22
2
72
85
16
177
121
203
454
748
138
749
750
398
751
752
935
432
0
0
12
1
22
2
72
18
40
761
61
778
1083
1084
0
1
2
3
4
5
6
7
8
9
10
0
1
2
3
4
135
288
92
143
32
386
352
1206
1220
1221
867
0
0
12
1
22
14
68
69
69
69
70
71
85
16
119
4
43
217
218
7
219
78
664
665
1030
0
0
12
1
22
14
68
69
69
69
70
71
85
244
215
1061
473
807
0
0
12
12
22
37
23
38
91
142
321
352
353
354
355
356
0
0
12
1
13
14
15
16
5
91
288
503
528
535
540
709
710
0
0
12
1
13
14
15
70
85
114
231
604
679
680
681
682
0
0
12
1
22
14
68
69
162
178
237
230
590
0
0
12
1
13
14
15
16
5
91
92
93
748
525
232
1055
987
610
0
0
12
1
22
2
72
85
86
630
205
317
238
780
449
1222
0
0
12
1
22
2
72
18
119
179
420
893
1223
622
602
0
1
2
98
70
444
575
576
577
578
579
580
1224
1225
1226
0
0
12
1
22
14
68
69
69
69
70
71
85
16
930
579
1194
1195
1156
0
0
12
12
22
37
23
38
39
40
41
42
43
44
45
46
47
48
49
1227
0
0
12
1
22
14
68
69
69
69
70
71
85
16
119
120
1033
0
1
1
22
13
136
520
521
1059
1228
0
0
12
1
22
2
24
99
39
57
135
431
216
471
517
1016
62
1017
1229
0
1
2
3
4
135
465
294
466
459
181
426
964
0
0
12
1
13
23
3
73
121
42
299
238
300
271
301
302
303
1230
1165
0
0
12
1
22
14
68
69
69
69
70
71
72
73
73
192
285
425
587
0
1
2
98
99
47
949
1133
598
1150
0
0
12
1
22
14
68
69
69
69
70
71
85
244
215
245
246
247
248
249
250
133
1149
0
1
2
3
4
135
288
541
370
0
0
12
1
22
14
68
69
69
69
70
71
72
73
18
57
33
74
75
1231
0
0
12
1
22
2
24
99
155
687
343
448
780
1073
828
0
0
12
1
22
14
68
69
69
203
204
205
206
207
1232
1135
1231
0
1
2
3
4
135
465
294
466
604
605
829
1233
0
0
12
1
13
23
98
24
179
225
188
951
220
220
96
0
0
12
1
22
14
68
69
69
69
70
71
85
16
119
4
43
217
218
7
219
78
233
234
259
378
212
0
0
12
1
22
14
68
69
69
69
70
71
72
73
73
575
757
757
353
556
727
732
1234
0
0
12
1
22
2
24
99
39
57
135
431
216
471
612
117
733
822
823
1175
0
0
12
1
22
2
72
85
16
177
121
203
727
728
743
1235
1181
1154
0
0
12
1
13
23
3
73
121
42
150
151
243
1236
0
0
12
1
13
14
15
16
5
162
262
669
1237
0
0
12
12
22
37
23
68
17
121
123
187
188
189
103
60
651
652
1123
1011
0
0
12
1
13
23
98
24
86
30
484
204
357
209
483
1238
1239
1150
0
0
12
1
22
14
68
69
162
178
155
539
636
811
1240
0
0
12
12
22
13
23
24
4
1128
1034
0
0
12
1
22
2
24
99
39
57
41
143
424
247
893
139
645
1241
997
0
0
12
1
22
2
72
18
119
40
438
233
658
659
660
661
1023
934
0
0
12
1
22
2
72
85
16
177
121
203
727
1012
1013
0
0
12
1
13
14
15
550
129
551
552
553
554
555
0
0
12
1
22
14
68
69
69
69
70
765
374
630
797
936
833
924
0
0
12
12
22
37
23
38
39
40
41
42
43
294
295
52
286
0
0
12
12
22
13
23
56
57
272
273
613
408
712
1031
1242
788
0
1
1
22
13
14
28
29
30
31
1243
327
0
0
12
12
22
13
98
99
177
178
179
180
181
182
183
184
185
638
0
0
12
1
22
14
68
69
69
69
70
71
85
16
119
4
43
217
218
7
1055
0
0
12
12
22
13
23
24
3
25
26
254
1244
1153
699
0
0
12
1
22
14
68
69
69
69
70
71
85
16
119
4
43
1052
359
794
0
0
12
12
22
13
98
99
177
178
179
180
722
852
170
543
590
853
854
0
0
12
12
22
13
23
24
3
25
26
254
1244
1153
699
0
0
12
1
22
2
24
99
39
57
41
143
592
471
150
477
1245
0
1
2
98
70
28
765
189
1111
0
0
12
1
22
14
68
69
69
69
70
71
72
73
18
57
33
520
528
692
693
905
1246
1247
0
0
12
1
13
23
98
114
115
45
116
117
118
803
862
0
0
12
1
13
23
98
24
86
187
953
409
126
1248
0
0
12
1
22
2
24
99
39
57
41
29
407
662
818
1029
1030
1031
589
950
639
0
0
12
1
22
14
68
69
69
69
70
71
72
73
73
575
757
667
728
1249
1200
0
0
12
12
22
37
23
38
39
40
41
193
230
231
393
968
869
1041
584
473
0
1
2
98
99
47
949
1133
598
1150
0
0
12
1
13
14
15
16
5
91
288
215
459
482
567
0
0
12
1
13
14
15
16
5
91
288
503
231
674
1250
1057
669
388
908
1217
485
0
0
12
1
13
23
3
73
121
42
150
1045
0
0
12
1
13
14
15
16
5
91
288
215
459
460
300
461
0
1
2
3
4
135
288
92
479
283
1109
0
0
12
12
22
37
23
68
329
330
331
332
254
333
334
0
0
12
1
22
2
72
18
119
179
219
105
702
1084
0
1
2
3
4
135
288
541
370
1078
305
1251
0
0
12
1
22
2
72
18
119
179
219
546
547
548
0
0
12
12
22
13
23
24
3
28
264
930
931
932
0
0
12
1
22
14
68
69
69
69
70
71
72
73
18
57
33
74
899
0
0
12
1
22
2
24
99
39
57
41
29
244
289
53
1237
0
0
12
1
22
14
68
69
69
69
70
71
72
73
18
57
594
558
595
596
0
0
12
1
22
14
68
69
69
203
204
205
156
0
0
12
1
22
14
68
69
69
69
565
1119
1117
958
0
0
12
1
13
23
98
24
179
225
188
514
272
1160
1161
0
0
12
1
22
14
68
69
69
69
70
71
72
73
73
192
263
672
967
707
1008
0
0
12
12
22
13
23
24
3
28
51
374
317
104
893
850
912
0
0
12
1
13
23
98
24
179
225
431
387
151
456
457
458
0
0
12
1
22
2
24
72
155
344
1252
864
405
908
0
0
12
1
22
2
24
99
39
57
135
431
216
471
612
34
1015
0
0
12
1
13
23
98
24
179
225
431
387
227
891
996
1253
0
0
12
1
22
14
68
69
69
69
70
71
85
16
119
4
51
138
550
0
0
12
12
22
13
23
24
4
44
499
534
1254
0
0
12
1
22
2
72
85
86
630
205
631
632
633
634
635
0
0
12
1
22
2
72
85
86
630
205
317
238
780
781
1255
995
1256
0
0
12
1
13
23
98
24
179
225
431
387
227
370
735
418
736
737
0
1
2
3
4
5
6
512
49
328
0
1
2
98
99
41
142
225
407
433
694
695
696
697
698
699
0
0
12
12
22
13
98
99
177
178
179
433
364
0
1
2
3
4
5
6
512
1042
1043
0
0
12
1
13
14
15
16
5
162
262
757
36
1048
1257
739
0
0
12
1
13
14
15
550
129
818
819
621
0
0
12
1
22
14
78
79
80
81
82
1010
642
1185
1255
102
0
0
12
1
13
14
15
16
5
91
288
215
459
460
1119
1258
0
0
12
1
13
14
15
16
5
91
92
93
94
95
96
0
0
12
1
22
14
68
69
69
69
70
71
85
244
215
245
246
247
248
936
593
942
0
0
12
12
22
37
23
38
39
40
41
193
230
231
393
565
566
771
558
772
773
774
0
0
12
1
22
14
68
69
69
203
25
1259
1260
980
1261
428
0
0
12
12
22
37
23
68
17
121
122
251
33
528
884
131
885
847
1079
937
788
0
0
12
12
22
37
23
38
39
40
41
42
43
294
295
52
286
974
1252
1262
0
0
12
1
22
2
24
99
39
57
135
136
137
479
910
649
260
1103
696
481
0
0
12
1
13
14
15
16
5
91
288
503
231
674
1250
929
1263
842
1264
0
1
2
98
70
28
215
216
278
346
347
523
509
1020
1247
0
1
2
98
99
41
142
225
407
411
921
561
0
0
12
1
22
14
68
69
69
69
70
71
72
73
73
192
285
425
276
802
0
0
12
1
22
14
68
69
162
178
237
230
92
618
0
0
12
1
22
14
68
69
69
69
70
71
85
16
119
4
43
217
218
7
219
78
233
234
235
996
997
0
0
12
1
22
14
68
69
69
69
70
71
85
16
119
120
257
258
259
260
261
0
0
12
1
22
2
24
99
39
5
115
44
204
612
613
614
1265
1266
792
1267
0
0
12
12
22
13
23
56
525
601
619
110
0
0
12
1
13
14
15
16
5
162
163
164
369
370
371
372
375
627
815
816
790
0
0
12
12
22
37
23
68
17
121
122
123
262
263
264
454
412
802
250
907
1023
55
0
0
12
1
13
14
15
16
5
162
262
669
1237
915
0
0
12
12
22
13
23
24
3
28
51
374
317
104
1202
688
146
548
1162
862
0
0
12
1
22
14
68
69
69
69
70
71
72
73
73
192
263
725
360
365
1268
1049
1143
1269
0
0
12
12
22
37
23
38
91
142
466
255
747
0
1
1
22
13
14
28
29
30
31
32
33
294
407
278
131
946
947
0
0
12
1
22
2
72
85
86
29
87
534
535
536
253
537
904
0
0
12
12
22
37
23
38
39
40
41
42
43
294
295
824
1034
435
798
249
0
1
2
3
4
135
465
294
466
459
181
426
1056
1253
0
0
12
1
22
14
68
69
69
69
70
71
72
73
73
575
757
757
353
556
727
732
782
1087
533
0
0
12
12
22
37
23
38
39
40
41
193
416
0
0
12
1
13
14
15
16
5
162
163
164
0
1
2
3
4
135
465
507
508
532
0
1
2
98
99
41
142
225
407
433
694
695
696
697
698
699
0
0
12
1
22
14
68
69
69
69
70
765
454
217
322
21
576
1025
1270
0
0
12
1
13
14
15
550
129
818
819
820
657
1271
0
0
12
12
22
37
23
38
39
40
41
42
43
44
45
104
722
805
947
1222
0
0
12
12
22
37
135
192
123
193
641
157
1165
0
1
2
98
99
41
142
225
407
433
694
695
696
252
1140
0
0
12
1
22
14
68
69
69
69
70
71
72
73
73
575
757
667
1272
0
0
12
1
22
14
68
69
69
69
70
71
72
73
18
57
33
74
75
76
77
0
0
12
1
13
14
15
16
5
162
163
385
393
329
1132
898
0
0
12
1
22
2
24
99
39
57
135
136
284
357
358
359
183
360
361
355
472
1201
0
0
12
1
22
14
68
69
69
69
70
71
72
73
73
192
285
425
276
426
170
0
0
12
12
22
37
23
68
17
121
122
123
124
59
517
1273
1049
0
0
12
1
13
14
15
16
17
18
321
322
1199
0
0
12
12
22
13
98
99
177
178
179
180
181
315
378
734
1274
919
0
0
12
1
13
14
15
70
85
114
86
285
427
267
428
429
430
0
0
12
12
22
37
135
192
123
288
502
503
504
0
0
12
12
22
13
98
26
304
878
1275
0
0
12
1
13
14
15
70
85
114
231
604
679
680
0
0
12
1
22
2
72
85
16
177
7
980
958
0
0
12
1
13
14
15
16
17
18
6
19
20
64
65
705
175
868
0
1
1
22
13
14
28
122
237
237
217
87
569
117
1059
972
0
1
2
3
4
135
288
92
143
284
438
225
592
257
257
1276
0
0
12
12
22
13
98
99
177
218
282
475
688
643
415
0
0
12
12
22
37
23
38
39
40
41
42
43
294
295
824
1034
435
798
249
1277
0
0
12
1
22
14
68
69
69
69
70
765
454
217
322
21
413
698
684
0
0
12
12
22
37
23
38
91
142
321
352
353
354
1278
1088
605
1279
563
0
1
1
22
13
14
28
122
237
341
504
354
690
255
935
0
1
1
22
13
136
520
971
660
1280
0
0
12
1
22
14
78
79
80
81
82
1010
642
1185
1142
1281
1129
1166
0
1
1
22
13
14
28
122
865
1265
1266
0
0
12
12
22
13
23
56
57
272
392
0
0
12
12
22
37
23
68
17
121
122
123
262
263
264
265
1243
106
402
1282
0
0
12
1
13
23
98
24
86
30
484
204
751
1026
1283
0
0
12
1
13
23
98
24
179
225
431
387
227
891
1106
1095
773
0
0
12
1
22
2
24
99
39
57
135
431
216
471
612
34
0
1
2
98
70
28
215
216
278
346
347
291
781
0
0
12
1
22
2
72
18
40
761
61
714
762
763
764
0
0
12
1
13
14
15
16
5
91
288
215
844
418
1044
554
0
0
12
1
22
14
68
69
69
69
70
71
85
244
215
245
246
247
248
936
593
942
0
0
12
12
22
37
23
38
39
40
41
193
416
417
345
418
419
0
0
12
12
22
37
135
192
123
288
502
503
58
45
604
1092
657
0
0
12
12
22
13
98
99
177
218
317
25
318
734
1120
708
1284
0
0
12
1
22
2
24
99
39
57
135
136
284
357
358
359
183
360
361
362
363
364
0
0
12
12
22
37
23
68
17
121
123
187
626
613
0
1
1
22
13
14
28
122
237
237
217
87
569
117
1059
972
0
0
12
12
22
37
23
68
17
121
122
123
262
263
264
454
416
1285
0
0
12
1
22
2
72
85
86
29
1052
771
562
877
524
0
0
12
12
22
37
23
68
329
330
380
381
382
383
384
0
0
12
12
22
37
23
38
39
444
796
810
778
640
0
0
12
1
13
14
15
16
5
91
288
503
231
674
690
691
0
1
2
98
70
444
575
484
745
889
0
0
12
1
22
2
24
99
39
57
135
136
284
357
358
359
183
0
1
2
98
70
444
575
484
745
889
0
1
2
98
99
41
142
143
144
145
414
1272
0
0
12
1
22
2
72
85
86
630
205
317
238
519
1286
0
0
12
1
22
14
68
69
69
69
70
71
72
73
73
575
757
757
1206
1207
1208
1209
1006
0
0
12
12
22
37
23
38
39
444
445
286
167
1287
0
0
12
1
22
14
68
69
69
69
70
71
85
16
119
4
43
217
218
7
219
78
233
234
259
0
0
12
1
13
23
98
24
179
225
431
387
227
891
1106
1095
773
0
0
12
1
22
14
68
69
69
69
70
71
72
73
18
57
33
74
0
0
12
1
22
14
78
79
80
81
82
1010
642
1185
1142
1281
1129
1288
200
0
0
12
1
13
23
98
24
86
30
484
521
270
1289
0
1
1
22
13
136
502
393
1070
879
0
0
12
1
22
2
24
99
39
57
135
431
216
471
612
117
1290
999
1291
0
0
12
12
22
37
135
192
123
288
163
667
291
530
0
0
12
12
22
37
23
38
39
40
41
42
496
346
21
266
953
1292
0
0
12
12
22
37
23
38
91
178
374
797
987
259
195
1224
1293
1232
0
1
2
3
4
135
288
92
143
284
438
225
592
257
257
860
649
861
710
0
0
12
12
22
37
23
38
39
40
41
193
230
231
393
0
1
2
3
4
135
288
92
143
284
438
225
319
1294
0
1
1
22
13
14
28
29
30
31
32
33
294
407
551
304
648
649
650
1295
0
0
12
1
13
23
3
73
121
42
0
1
2
98
70
28
765
187
319
866
867
0
0
12
1
22
14
68
69
162
178
237
230
92
618
1103
1296
923
1129
0
0
12
1
13
14
15
16
17
18
6
299
309
310
311
312
313
0
0
12
12
22
13
98
99
177
218
317
25
318
319
487
0
1
2
3
4
135
465
294
466
459
181
426
1056
1253
0
0
12
1
22
2
24
99
39
57
135
136
284
357
358
0
0
12
12
22
37
23
38
39
40
41
42
43
294
295
824
1034
435
798
249
1277
0
0
12
12
22
37
23
68
17
121
122
123
262
263
264
454
412
835
823
90
0
0
12
12
22
37
135
192
123
288
163
667
291
434
369
693
702
0
0
12
12
22
37
23
68
17
514
578
608
609
0
0
12
1
22
14
78
79
949
754
1089
1297
0
0
12
1
22
2
24
99
39
57
135
136
137
138
139
140
935
0
0
12
12
22
37
23
68
17
121
123
187
188
189
103
60
651
652
1123
918
0
0
12
1
13
14
15
16
5
162
163
385
393
329
1132
898
0
0
12
1
13
14
15
16
5
91
288
503
528
725
733
631
570
1298
0
0
12
12
22
37
135
206
1040
456
1182
673
516
0
0
12
12
22
37
135
192
123
288
502
503
58
45
604
1092
657
0
0
12
1
13
23
98
114
115
45
116
117
641
194
185
371
642
643
644
645
0
1
1
22
13
14
28
29
30
31
32
33
34
108
109
110
111
112
113
0
1
1
22
13
136
502
393
357
523
1299
1300
1301
1000
1046
1256
429
0
0
12
12
22
37
23
68
17
121
122
123
262
263
264
265
266
0
1
2
98
99
41
142
225
407
411
412
413
152
298
721
1302
0
0
12
12
22
37
23
68
329
545
599
600
0
0
12
1
13
23
98
24
179
225
431
387
151
636
1169
1303
0
0
12
12
22
37
23
68
17
121
123
187
626
627
0
0
12
1
22
14
68
69
69
69
70
765
454
217
322
21
576
271
836
1168
1151
0
0
12
1
22
14
68
69
69
69
70
71
72
541
979
1080
0
0
12
1
22
14
68
69
69
69
70
71
72
73
73
575
757
757
353
556
727
732
782
510
544
1093
0
0
12
1
22
2
24
99
39
57
135
136
137
138
139
813
814
0
0
12
1
13
23
98
24
179
484
784
756
246
701
864
1304
229
0
0
12
12
22
13
23
56
57
58
103
628
914
274
94
1118
0
0
12
1
22
2
24
99
39
57
41
29
407
662
740
652
856
1305
0
0
12
1
22
2
24
99
39
57
41
29
407
662
818
1029
1292
913
0
1
1
22
13
14
28
122
237
237
217
87
569
117
487
570
685
877
196
0
0
12
1
22
14
68
69
69
69
70
71
85
244
215
245
246
247
248
249
250
0
0
12
12
22
37
23
38
39
40
41
42
496
346
21
266
953
1137
1306
478
0
0
12
12
22
37
23
68
17
121
122
123
262
263
264
454
412
835
823
11
0
1
2
3
4
5
6
512
49
328
1282
0
0
12
1
22
14
68
38
203
299
425
0
0
12
1
22
2
72
85
16
177
121
203
727
728
743
0
0
12
12
22
13
98
99
177
218
282
475
688
413
0
0
37
39
424
475
914
871
0
1
2
3
4
135
465
507
487
549
67
0
0
12
1
22
2
72
18
119
179
420
893
62
1274
1307
1279
760
0
1
1
22
13
14
28
122
237
341
504
888
0
0
12
1
22
14
68
38
203
299
226
668
310
1306
1308
1309
0
1
2
3
4
135
288
92
143
284
438
225
319
258
422
646
0
0
12
12
22
37
23
38
39
40
41
42
496
346
369
1234
845
763
0
0
12
1
22
2
72
18
40
279
776
0
0
12
1
13
14
15
16
5
162
163
385
386
265
190
295
1310
0
0
12
1
22
2
24
99
39
57
135
136
284
357
551
1311
0
0
12
1
22
14
68
69
69
69
70
71
85
244
215
245
246
247
248
936
983
984
955
985
986
0
0
12
1
13
14
15
16
5
162
163
164
369
370
210
963
602
0
0
12
1
22
2
72
85
16
177
121
203
454
31
455
812
734
1312
1015
0
0
12
1
22
14
78
180
213
214
0
1
2
3
4
135
465
507
487
549
67
0
0
12
12
22
13
23
24
4
44
431
77
0
1
2
3
4
135
288
92
143
284
438
225
319
258
422
439
0
0
12
1
13
23
98
114
115
45
1305
1091
0
0
12
1
22
2
24
99
39
57
41
143
592
471
150
477
1245
0
0
12
1
13
14
15
16
5
91
288
503
231
674
1250
1057
669
388
908
1217
485
1313
0
1
2
3
4
135
288
92
143
284
438
361
843
1278
1314
1290
0
1
2
3
4
135
288
92
143
32
386
352
1206
1220
1221
867
0
0
12
12
22
13
98
99
177
178
179
180
181
315
378
734
1274
919
0
1
2
98
99
41
142
143
144
145
414
715
382
0
0
12
1
22
2
72
85
86
630
205
317
238
780
781
1255
0
0
12
1
22
2
72
85
86
29
87
534
535
536
253
537
904
0
0
12
12
22
37
23
68
17
121
122
123
124
59
125
126
127
128
1171
830
531
1315
0
0
12
12
22
37
23
68
17
121
122
123
124
59
517
1273
1049
0
1
2
3
4
5
6
7
8
9
10
11
0
1
2
98
70
28
765
187
319
460
145
1316
0
0
12
1
22
14
68
69
162
178
155
427
944
945
0
1
2
98
70
444
575
576
577
578
585
0
0
12
1
13
14
15
550
181
768
769
770
0
1
2
98
70
28
765
187
51
144
687
662
120
359
679
611
1317
0
0
12
1
13
14
15
16
5
91
288
503
231
674
1250
1057
132
633
0
0
12
1
22
14
68
69
69
69
70
765
454
217
951
618
1245
719
0
1
1
22
13
136
520
521
522
523
446
957
958
959
0
0
12
12
22
37
23
38
39
444
796
810
778
640
0
1
2
98
70
444
575
576
577
578
579
580
581
0
0
12
1
13
23
98
114
115
45
1305
623
0
0
12
1
22
2
24
99
39
5
115
44
129
245
182
276
0
0
12
1
13
23
3
73
121
129
266
365
366
159
1000
401
0
0
12
1
13
23
98
114
115
244
78
94
716
0
1
1
22
13
14
28
122
237
237
217
137
954
1148
377
0
0
12
12
22
13
98
26
304
305
306
307
0
0
12
1
13
14
15
16
17
282
475
87
493
482
461
505
506
0
0
12
12
22
13
98
99
177
178
420
592
445
794
507
1170
834
0
1
2
98
99
41
142
143
144
145
146
147
334
0
0
12
1
22
2
24
99
39
57
135
136
137
479
910
649
260
1103
696
481
0
0
12
1
22
14
68
69
69
69
70
71
85
16
930
579
1194
1195
1182
0
0
12
1
13
14
15
16
5
91
288
215
459
482
567
0
0
12
12
22
37
23
38
39
40
41
193
230
231
393
565
566
567
568
0
0
12
1
13
23
3
73
121
129
266
365
366
367
368
966
0
0
12
1
13
14
15
70
85
114
86
285
427
267
428
429
430
0
1
2
98
70
28
215
216
278
346
347
523
509
1020
1247
0
1
1
22
13
136
502
393
357
523
1299
1300
1301
1000
0
0
12
12
22
13
98
99
177
218
317
25
318
734
1120
708
1284
0
0
12
12
22
13
98
99
177
178
179
180
722
852
170
543
590
853
854
0
0
12
1
22
2
24
99
155
20
156
157
158
159
160
161
0
1
2
3
4
135
288
92
143
284
438
225
592
205
375
593
1318
900
964
0
1
2
98
99
41
142
143
144
19
276
483
600
1045
0
0
12
12
22
13
23
56
57
58
103
104
105
106
443
0
1
1
22
13
136
502
393
357
523
1299
1300
1301
1000
1046
1256
429
0
0
12
1
13
14
15
550
129
551
552
863
0
0
12
12
22
37
23
38
91
178
374
797
987
259
195
1224
1293
1232
0
0
12
1
13
23
3
73
121
42
299
238
300
762
703
1163
0
0
12
12
22
37
23
38
91
178
374
797
987
1207
0
1
1
22
13
14
28
122
237
341
342
404
1060
0
1
1
22
13
136
520
521
1059
0
1
2
3
4
135
288
92
143
32
386
352
1206
1220
1221
0
1
2
98
99
41
142
143
144
145
146
356
488
959
1264
0
0
12
12
22
37
23
68
17
121
122
123
262
263
264
454
412
835
823
90
0
0
12
1
22
2
72
85
16
177
121
203
454
748
651
594
1141
0
0
12
1
22
2
24
99
39
5
115
44
129
130
131
132
133
1319
0
0
12
1
22
2
72
85
16
177
193
137
209
210
211
1093
1283
0
0
12
1
22
2
24
99
39
5
115
44
204
612
613
614
1265
0
0
12
12
22
13
98
99
177
218
317
25
318
319
487
195
325
0
0
12
1
22
2
24
99
39
57
41
29
407
662
740
652
856
1305
1083
0
0
12
1
22
2
24
99
39
5
115
44
129
130
131
132
133
134
0
0
12
12
22
37
135
192
123
288
502
722
728
744
745
476
378
0
0
12
12
22
13
23
24
3
28
51
374
317
104
1202
688
754
0
0
12
12
22
13
23
56
57
58
103
628
914
0
0
12
1
22
14
68
69
69
203
25
1259
1260
980
1261
428
0
0
12
1
13
23
98
24
86
187
352
588
0
1
1
22
13
14
28
122
237
341
342
404
1060
0
0
12
1
13
23
98
24
179
484
784
768
832
1033
1013
0
0
12
1
13
14
15
16
5
91
92
93
748
525
1320
916
0
1
1
22
13
136
520
521
522
523
446
957
958
0
1
2
3
4
135
288
92
143
284
438
225
592
205
645
835
389
1321
0
0
12
1
22
2
24
99
39
57
41
29
407
662
740
741
742
1322
0
0
12
12
22
13
98
99
177
178
179
180
722
569
718
0
1
2
3
4
135
288
92
143
284
438
361
843
1278
1314
0
0
12
1
22
2
24
99
39
57
41
29
244
189
668
54
860
0
1
2
3
4
135
288
92
143
284
438
225
319
258
422
646
0
0
12
1
22
14
68
69
69
69
70
71
72
73
73
575
757
667
728
399
836
837
838
839
0
0
12
1
22
2
24
99
155
20
595
0
0
12
1
13
14
15
70
85
114
231
604
1054
888
1072
774
654
0
0
12
1
22
14
68
69
69
69
70
71
85
16
119
4
43
1052
359
822
0
0
12
1
22
14
68
69
69
69
70
71
85
16
0
1
2
98
99
41
142
225
407
433
694
695
696
697
698
699
0
0
12
1
22
2
24
99
39
5
115
44
129
245
878
421
311
879
880
881
0
0
12
12
22
37
135
192
123
193
194
195
871
0
0
12
12
22
37
135
192
123
288
163
667
291
530
0
1
1
22
13
14
28
122
237
237
217
87
569
117
487
0
0
12
1
22
14
68
69
69
69
70
71
85
244
215
245
246
247
248
936
983
984
955
985
986
0
0
12
1
22
14
68
69
69
203
25
1259
1260
1313
0
0
12
1
22
14
68
69
69
69
70
71
72
73
73
192
263
672
967
707
0
0
12
1
22
14
68
69
69
69
70
71
72
73
73
192
263
725
360
1053
0
0
12
12
22
37
23
38
39
40
41
193
416
417
345
1323
977
0
1
2
98
99
41
142
225
407
433
694
695
696
697
698
699
368
700
0
0
12
12
22
13
98
99
177
178
420
265
667
504
1022
0
0
12
12
22
37
23
38
39
40
41
42
43
294
1202
1195
0
0
12
12
22
13
23
24
3
28
264
930
931
932
933
0
0
12
1
13
14
15
16
5
